xc 298.15 303.15 308.15 313.15 323.15
0 0.9971 0.9957 0.9941 0.9923 0.9881
5.88 0.9802 0.9786 0.9768 0.9747 0.9700
12.33 0.9647 0.9628 0.9606 0.9582 0.9526
19.43 0.9492 0.9467 0.9440 0.9410 0.9354
27.27 0.9315 0.9285 0.9254 0.9220 0.9148
35.99 0.9119 0.9096 0.9060 0.9022 0.8944
45.76 0.8904 0.8870 0.8835 0.8795 0.8709
56.75 0.8673 0.8637 0.8595 0.8553 0.8465
69.22 0.8426 0.8381 0.8333 0.8291 0.8204
83.50 0.8152 0.8110 0.8057 0.8014 0.7928
91.44 0.8006 0.7962 0.7911 0.7864 0.7775
100 0.7869 0.7819 0.7771 0.7723 0.7627