xc 288.15 293.15 298.15 303.15
0.0000 0.99913 0.99823 0.99708 0.99658
0.0020 1.00155 1.00060 0.99945 0.99800
0.0040 1.00395 1.00300 1.00180 1.00035
0.0060 1.00635 1.00540 1.00415 1.00270
0.0081 1.00875 1.00780 1.00655 1.00505
0.0102 1.01120 1.01015 1.00890 1.00735
0.0123 1.01360 1.01255 1.01125 1.00970
0.0145 1.01600 1.01495 1.01360 1.01205
0.0167 1.01840 1.01730 1.01600 1.01440
0.0190 1.02085 1.01970 1.01835 1.01670
0.0213 1.02325 1.02210 1.02070 1.01905
0.0236 1.02575 1.02455 1.02315 1.02150
0.0260 1.02830 1.02705 1.02560 1.02395
0.0284 1.03080 1.02955 1.02805 1.02640
0.0309 1.03330 1.03200 1.03055 1.02885
0.0334 1.03580 1.03450 1.03300 1.03130
0.0359 1.03835 1.03695 1.03545 1.03370
0.0385 1.04085 1.03945 1.03790 1.03615
0.0412 1.04335 1.04195 1.04035 1.03860
0.0439 1.04590 1.04440 1.04280 1.04105
0.0466 1.04840 1.04690 1.04525 1.04350
0.0494 1.05100 1.04950 1.04780 1.04600
0.0523 1.05365 1.05205 1.05035 1.04850
0.0552 1.05625 1.05465 1.05290 1.05100
0.0582 1.05885 1.05720 1.05545 1.05350
0.0612 1.06150 1.05980 1.05800 1.05605
0.0643 1.06410 1.06240 1.06055 1.05855
0.0675 1.06670 1.06495 1.06305 1.06105
0.0707 1.06935 1.06755 1.06560 1.06355
0.0740 1.07195 1.07010 1.06815 1.06605
0.0774 1.07455 1.07270 1.07070 1.06855
0.0808 1.07725 1.07535 1.07335 1.07120
0.0843 1.07995 1.07800 1.07600 1.07380
0.0879 1.08265 1.08070 1.07860 1.07645
0.0915 1.08530 1.08335 1.08125 1.07905
0.0953 1.08800 1.08600 1.08390 1.08165
0.0991 1.09070 1.08865 1.08655 1.08430
0.1030 1.09340 1.09135 1.08915 1.08690
0.1071 1.09605 1.09400 1.09180 1.08955
0.1112 1.09875 1.09665 1.09445 1.09215
0.1154 1.10145 1.09930 1.09710 1.09475
0.1197 1.10415 1.10200 1.09975 1.09740
0.1241 1.10690 1.10470 1.10240 1.10005
0.1286 1.10960 1.10740 1.10510 1.10265
0.1332 1.11235 1.11010 1.10775 1.10530
0.1380 1.11510 1.11280 1.11040 1.10795
0.1428 1.11780 1.11550 1.11310 1.11055
0.1478 1.12055 1.11820 1.11575 1.11320
0.1530 1.12325 1.12090 1.11840 1.11580
0.1582 1.12600 1.12360 1.12110 1.11845
0.1636 1.12870 1.12630 1.12375 1.12110
0.1692 1.13150 1.12905 1.12650 1.12380
0.1749 1.13425 1.13180 1.12920 1.12650
0.1807 1.13705 1.13455 1.13195 1.12925
0.1868 1.13980 1.13730 1.13465 1.13195
0.1930 1.14260 1.14005 1.13740 1.13470
0.1993 1.14535 1.14280 1.14015 1.13740
0.2059 1.14815 1.14555 1.14285 1.14010
0.2127 1.15095 1.14830 1.14560 1.14285
0.2197 1.15370 1.15105 1.14835 1.14555
0.2269 1.15650 1.15380 1.15105 1.14830
0.2343 1.15925 1.15655 1.15380 1.15100
0.2419 1.16200 1.15930 1.15655 1.15375
0.2499 1.16480 1.16205 1.15925 1.15650
0.2580 1.16755 1.16475 1.16200 1.15925
0.2665 1.17030 1.16750 1.16475 1.16195
0.2752 1.17305 1.17025 1.16745 1.16470
0.2843 1.17585 1.17300 1.17020 1.16745
0.2936 1.17860 1.17575 1.17295 1.17020
0.3033 1.18135 1.17850 1.17565 1.17290
0.3134 1.18415 1.18125 1.17840 1.17565
0.3238 1.18690 1.18395 1.18110 1.17830
0.3347 1.18965 1.18670 1.18380 1.18100
0.3459 1.19235 1.18940 1.18650 1.18365
0.3576 1.19510 1.19215 1.18925 1.18635
0.3698 1.19785 1.19485 1.19195 1.18900
0.3825 1.20060 1.19760 1.19465 1.19170
0.3957 1.20335 1.20030 1.19735 1.19435
0.4095 1.20610 1.20305 1.20005 1.19705
0.4239 1.20885 1.20575 1.20275 1.19970
0.4390 1.21160 1.20850 1.20545 1.20240
0.4547 1.21425 1.21115 1.20810 1.20505
0.4712 1.21690 1.21380 1.21075 1.20770
0.4885 1.21955 1.21650 1.21340 1.21035
0.5067 1.22220 1.21915 1.21605 1.21300
0.5257 1.22485 1.22180 1.21870 1.21565
0.5458 1.22750 1.22445 1.22135 1.21830
0.5669 1.23015 1.22710 1.22400 1.22095
0.5892 1.23280 1.22975 1.22665 1.22360
0.6128 1.23545 1.23245 1.22935 1.22625
0.6378 1.23810 1.23510 1.23200 1.22890
0.6642 1.24075 1.23770 1.23460 1.23150
0.6923 1.24340 1.24035 1.23725 1.23410
0.7221 1.24600 1.24300 1.23985 1.23670
0.7540 1.24865 1.24560 1.24250 1.23930
0.7880 1.25130 1.24825 1.24515 1.24190
0.8244 1.25385 1.25080 1.24770 1.24450
0.8635 1.25645 1.25335 1.25030 1.24710
0.9055 1.25900 1.25590 1.25290 1.24975
0.9509 1.26160 1.25850 1.25545 1.25235
1.0000 1.26415 1.26108 1.25802 1.25495