xc 273.15 283.15 293.15 303.15 313.15 323.15 333.15 343.15
0 1.792 1.308 1.005 0.8007 0.6560 0.5494 0.4688 0.4061
0.02 2.44 1.74 1.31 1.03 0.826 0.680 0.575 0.500
0.05 3.44 2.41 1.76 1.35 1.07 0.879 0.731 0.635
0.08 5.14 3.49 2.50 1.87 1.46 1.16 0.956 0.816
0.12 8.25 5.37 3.72 2.72 2.07 1.62 1.30 1.09
0.16 14.6 9.01 6.00 4.21 3.10 2.37 1.86 1.53
0.23 29.9 17.4 10.8 7.19 5.08 3.76 2.85 2.29
0.27 45.7 25.3 15.2 9.85 6.80 4.89 3.66 2.91
0.28 55.5 29.9 17.7 11.3 7.73 5.50 4.09 3.23
0.31 76.0 38.8 22.5 14.1 9.40 6.61 4.86 3.78
0.37 132 65.2 35.5 21.2 13.6 9.25 6.61 5.01
0.44 255 116 60.1 33.9 20.8 13.6 9.42 6.94
0.53 540 223 109 58.0 33.5 21.2 14.2 10.0
0.64 1310 498 219 109 60.0 35.5 22.5 15.5
0.66 1590 592 259 126 68.1 39.8 25.1 17.1
0.69 1950 729 310 147 78.3 44.8 28.0 19.0
0.72 2400 860 367 172 89.0 51.5 31.6 21.2
0.75 2930 1040 437 202 105 58.4 35.4 23.6
0.79 3690 1270 523 237 121 67.0 39.9 26.4
0.82 4600 1585 624 281 142 77.8 45.4 29.7
0.86 5770 1950 765 340 166 88.9 51.9 33.6
0.91 7370 2460 939 409 196 104 59.8 38.5
0.95 9420 3090 1150 500 235 122 69.1 43.6
1.00 12070 3900 1412 612 284 142 81.3 50.6